-2816.0 3200.0 -2432.0 3200.0
-2816.0 3264.0 -1664.0 3264.0
-2816.0 3904.0 704.0 3904.0
-2688.0 1280.0 384.0 1280.0
-2688.0 1408.0 -1600.0 1408.0
-2688.0 1856.0 704.0 1856.0
-2688.0 2304.0 -2624.0 2304.0
-2688.0 2560.0 2048.0 2560.0
-2560.0 3328.0 -1664.0 3328.0
-2560.0 3440.0 -2240.0 3440.0
-2560.0 3456.0 -1888.0 3456.0
-2560.0 3680.0 -2256.0 3680.0
-2560.0 3696.0 -2256.0 3696.0
-2560.0 3776.0 -2256.0 3776.0
-2496.0 2304.0 -2192.0 2304.0
-2432.0 -1664.0 -768.0 -1664.0
-2432.0 -992.0 -384.0 -992.0
-2432.0 -272.0 1280.0 -272.0
-2432.0 0.0 -2304.0 0.0
-2432.0 512.0 -1408.0 512.0
-2432.0 1024.0 -768.0 1024.0
-2432.0 1536.0 -512.0 1536.0
-2432.0 2608.0 -2096.0 2608.0
-2432.0 2944.0 0.0 2944.0
-2432.0 3136.0 -2176.0 3136.0
-2412.2 1968.9 -2233.2 1968.9
-2368.0 2896.0 -2096.0 2896.0
-2304.0 896.0 -2240.0 896.0
-2304.0 960.0 -1536.0 960.0
-2304.0 1472.0 -2048.0 1472.0
-2256.0 -1488.0 -1552.0 -1488.0
-2256.0 -1264.0 -2240.0 -1264.0
-2256.0 -1040.0 -1936.0 -1040.0
-2256.0 -864.0 -1024.0 -864.0
-2256.0 -857.0 -2224.0 -857.0
-2256.0 -836.0 -2224.0 -836.0
-2256.0 -805.0 -2224.0 -805.0
-2256.0 -768.0 -2224.0 -768.0
-2256.0 -731.0 -2224.0 -731.0
-2256.0 -700.0 -2224.0 -700.0
-2256.0 -679.0 -2224.0 -679.0
-2256.0 -672.0 -2224.0 -672.0
-2256.0 -544.0 -2240.0 -544.0
-2256.0 -448.0 -1648.0 -448.0
-2256.0 3840.0 -1792.0 3840.0
-2240.0 -1472.0 -1536.0 -1472.0
-2240.0 -1152.0 896.0 -1152.0
-2240.0 -1024.0 -1936.0 -1024.0
-2240.0 -896.0 -960.0 -896.0
-2240.0 -640.0 -944.0 -640.0
-2240.0 -512.0 -2080.0 -512.0
-2240.0 3648.0 -1984.0 3648.0
-2226.1 1600.0 -1584.0 1600.0
-2218.7 2048.0 -1328.0 2048.0
-2189.0 1792.0 -1776.0 1792.0
-2176.0 1152.0 -1029.3 1152.0
-2176.0 1184.0 -1856.0 1184.0
-2128.0 2080.0 -1316.0 2080.0
-2128.0 2087.0 -2096.0 2087.0
-2128.0 2108.0 -2096.0 2108.0
-2128.0 2139.0 -2096.0 2139.0
-2128.0 2176.0 -2096.0 2176.0
-2128.0 2213.0 -2096.0 2213.0
-2128.0 2244.0 -2096.0 2244.0
-2128.0 2265.0 -2096.0 2265.0
-2128.0 2272.0 -2096.0 2272.0
-2128.0 2432.0 -1728.0 2432.0
-2128.0 3120.0 -2112.0 3120.0
-2112.0 -384.0 -1648.0 -384.0
-2112.0 -288.0 -2048.0 -288.0
-2112.0 32.0 -2080.0 32.0
-2112.0 224.0 -2048.0 224.0
-2112.0 544.0 -2080.0 544.0
-2112.0 640.0 -1856.0 640.0
-2112.0 1584.0 -1584.0 1584.0
-2112.0 2304.0 -1728.0 2304.0
-2112.0 2448.0 -1744.0 2448.0
-2112.0 2512.0 -1744.0 2512.0
-2112.0 3104.0 -2048.0 3104.0
-2112.0 3168.0 -2016.0 3168.0
-2112.0 3200.0 -2016.0 3200.0
-2080.0 1632.0 -1728.0 1632.0
-2080.0 2832.0 -2032.0 2832.0
-2080.0 2880.0 -2032.0 2880.0
-2064.0 1824.0 -1904.0 1824.0
-2048.0 -496.0 -1776.0 -496.0
-2048.0 -128.0 -1440.0 -128.0
-2048.0 64.0 -1792.0 64.0
-2048.0 288.0 -1408.0 288.0
-2048.0 544.0 -1536.0 544.0
-2048.0 896.0 -1792.0 896.0
-2048.0 1344.0 -1664.0 1344.0
-2048.0 1440.0 -1920.0 1440.0
-2048.0 1568.0 -1920.0 1568.0
-2048.0 1760.0 -1920.0 1760.0
-2048.0 3136.0 -1888.0 3136.0
-2016.0 3184.0 -1952.0 3184.0
-2016.0 3248.0 -1888.0 3248.0
-1984.0 2400.0 -1856.0 2400.0
-1984.0 3040.0 -1888.0 3040.0
-1968.0 3680.0 -1872.0 3680.0
-1968.0 3696.0 -1792.0 3696.0
-1968.0 3776.0 -1792.0 3776.0
-1952.0 3168.0 -1872.0 3168.0
-1952.0 3232.0 -1888.0 3232.0
-1920.0 2720.0 -1808.0 2720.0
-1888.0 3488.0 -1872.0 3488.0
-1872.0 3200.0 -1792.0 3200.0
-1856.0 2336.0 -1744.0 2336.0
-1840.0 704.0 -1408.0 704.0
-1840.0 720.0 -1392.0 720.0
-1840.0 768.0 -1360.0 768.0
-1840.0 864.0 -1792.0 864.0
-1824.0 2880.0 -1344.0 2880.0
-1808.0 2640.0 -1744.0 2640.0
-1808.0 2896.0 -1432.0 2896.0
-1792.0 32.0 -1600.0 32.0
-1792.0 256.0 -1408.0 256.0
-1792.0 1088.0 -1600.0 1088.0
-1792.0 3584.0 -1152.0 3584.0
-1776.0 -560.0 -1648.0 -560.0
-1776.0 -336.0 -1648.0 -336.0
-1776.0 -144.0 -1392.0 -144.0
-1760.0 2976.0 -1744.0 2976.0
-1760.0 3104.0 -1744.0 3104.0
-1744.0 2648.0 -1728.0 2648.0
-1728.0 736.0 -1600.0 736.0
-1728.0 928.0 -1600.0 928.0
-1728.0 2336.0 -1472.0 2336.0
-1728.0 2496.0 -1328.0 2496.0
-1728.0 2592.0 -1344.0 2592.0
-1728.0 2816.0 -1472.0 2816.0
-1728.0 2864.0 -1669.0 2864.0
-1728.0 2960.0 -1669.0 2960.0
-1664.0 2512.0 -1600.0 2512.0
-1664.0 2576.0 -1600.0 2576.0
-1664.0 2864.0 -1536.0 2864.0
-1664.0 2960.0 -1536.0 2960.0
-1664.0 3296.0 704.0 3296.0
-1664.0 3840.0 -768.0 3840.0
-1648.0 -1040.0 -1424.0 -1040.0
-1648.0 -1024.0 -1424.0 -1024.0
-1648.0 -496.0 -1200.0 -496.0
-1600.0 480.0 -384.0 480.0
-1600.0 1216.0 -1024.0 1216.0
-1600.0 2176.0 -960.0 2176.0
-1552.0 -1536.0 -928.0 -1536.0
-1536.0 -32.0 -1440.0 -32.0
-1536.0 64.0 -1440.0 64.0
-1536.0 1029.0 -1504.0 1029.0
-1536.0 1043.0 -1504.0 1043.0
-1536.0 1064.0 -1504.0 1064.0
-1536.0 1088.0 -1504.0 1088.0
-1536.0 1240.0 -1504.0 1240.0
-1536.0 1261.0 -1504.0 1261.0
-1536.0 1275.0 -1504.0 1275.0
-1472.0 2304.0 -1344.0 2304.0
-1472.0 2432.0 -1344.0 2432.0
-1472.0 2656.0 -1280.0 2656.0
-1427.2 2896.0 -1128.5 2896.0
-1424.0 144.0 -1392.0 144.0
-1424.0 295.0 -1408.0 295.0
-1424.0 316.0 -1408.0 316.0
-1424.0 347.0 -1408.0 347.0
-1424.0 384.0 -1408.0 384.0
-1424.0 421.0 -1408.0 421.0
-1424.0 452.0 -1408.0 452.0
-1424.0 473.0 -1408.0 473.0
-1424.0 1840.0 -1328.0 1840.0
-1408.0 368.0 -1392.0 368.0
-1408.0 2720.0 -1280.0 2720.0
-1392.0 -240.0 -1296.0 -240.0
-1392.0 2608.0 -1344.0 2608.0
-1376.0 -256.0 -1296.0 -256.0
-1360.0 0.0 -896.0 0.0
-1360.0 2087.0 -1312.7 2087.0
-1360.0 2108.0 -1302.9 2108.0
-1360.0 2139.0 -1288.5 2139.0
-1360.0 2213.0 -1344.1 2213.0
-1360.0 2244.0 -1329.8 2244.0
-1360.0 2265.0 -1320.2 2265.0
-1360.0 2272.0 -1317.0 2272.0
-1344.0 2600.0 -1280.0 2600.0
-1344.0 2624.0 -1280.0 2624.0
-1344.0 2704.0 -1280.0 2704.0
-1335.5 2213.0 -1264.0 2213.0
-1335.0 2736.0 -1284.0 2736.0
-1328.0 2544.0 -1296.0 2544.0
-1321.1 2244.0 -1264.0 2244.0
-1312.0 1029.0 -1280.0 1029.0
-1312.0 1043.0 -1280.0 1043.0
-1312.0 1064.0 -1280.0 1064.0
-1312.0 1088.0 -1280.0 1088.0
-1312.0 1240.0 -1280.0 1240.0
-1312.0 1261.0 -1280.0 1261.0
-1312.0 1275.0 -1280.0 1275.0
-1311.3 2265.0 -1264.0 2265.0
-1308.0 2272.0 -1264.0 2272.0
-1307.0 2080.0 -1264.0 2080.0
-1303.8 2087.0 -1264.0 2087.0
-1296.0 -288.0 -1024.0 -288.0
-1296.0 1584.0 -1280.0 1584.0
-1296.0 1600.0 -1024.0 1600.0
-1296.0 1968.0 -768.0 1968.0
-1296.0 2032.0 -592.0 2032.0
-1296.0 2048.0 -512.0 2048.0
-1296.0 2480.0 -960.0 2480.0
-1296.0 2752.0 -1088.0 2752.0
-1296.0 2816.0 -1280.0 2816.0
-1294.2 2108.0 -1264.0 2108.0
-1280.0 2304.0 1920.0 2304.0
-1280.0 2571.0 -1184.0 2571.0
-1280.0 2575.4 -1184.0 2575.4
-1280.0 2576.0 -1109.8 2576.0
-1280.0 2583.0 -1184.0 2583.0
-1280.0 2617.0 -1184.0 2617.0
-1280.0 3072.0 2048.0 3072.0
-1280.0 3328.0 -768.0 3328.0
-1280.0 3488.0 -1152.0 3488.0
-1279.9 2139.0 -1264.0 2139.0
-1256.0 2096.0 -1152.0 2096.0
-1216.0 1312.0 -544.0 1312.0
-1216.0 1472.0 -1024.0 1472.0
-1152.0 1248.0 -1024.0 1248.0
-1152.0 2144.0 -960.0 2144.0
-1136.0 -1040.0 -928.0 -1040.0
-1136.0 -1024.0 -960.0 -1024.0
-1136.0 2528.0 -896.0 2528.0
-1120.0 -512.0 -960.0 -512.0
-1088.0 -960.0 -384.0 -960.0
-1088.0 -576.0 -384.0 -576.0
-1056.0 -448.0 -960.0 -448.0
-1024.0 1376.0 -384.0 1376.0
-1024.0 1664.0 -176.0 1664.0
-1024.0 1792.0 -656.0 1792.0
-1008.0 -256.0 -960.0 -256.0
-1008.0 -240.0 -928.0 -240.0
-976.0 -864.0 384.0 -864.0
-976.0 -857.0 -896.0 -857.0
-976.0 -836.0 -896.0 -836.0
-976.0 -805.0 -896.0 -805.0
-976.0 -768.0 -896.0 -768.0
-976.0 -731.0 -896.0 -731.0
-976.0 -700.0 -896.0 -700.0
-976.0 -679.0 -896.0 -679.0
-976.0 -672.0 -896.0 -672.0
-960.0 -416.0 -944.0 -416.0
-960.0 2080.0 -480.0 2080.0
-960.0 2464.0 -896.0 2464.0
-896.0 -1040.0 -112.0 -1040.0
-896.0 -1024.0 896.0 -1024.0
-896.0 -896.0 400.0 -896.0
-896.0 -640.0 400.0 -640.0
-896.0 -608.0 -640.0 -608.0
-896.0 -592.0 -640.0 -592.0
-896.0 -512.0 -512.0 -512.0
-896.0 768.0 384.0 768.0
-896.0 2432.0 -832.0 2432.0
-896.0 2496.0 -832.0 2496.0
-832.0 2336.0 -544.0 2336.0
-768.0 -384.0 -640.0 -384.0
-768.0 256.0 -272.0 256.0
-768.0 288.0 -752.0 288.0
-768.0 295.0 -752.0 295.0
-768.0 316.0 -752.0 316.0
-768.0 347.0 -752.0 347.0
-768.0 384.0 -752.0 384.0
-768.0 421.0 -752.0 421.0
-768.0 452.0 -752.0 452.0
-768.0 473.0 -752.0 473.0
-768.0 512.0 -512.0 512.0
-768.0 2688.0 -384.0 2688.0
-672.0 -64.0 -640.0 -64.0
-672.0 96.0 -640.0 96.0
-672.0 192.0 -640.0 192.0
-672.0 672.0 -640.0 672.0
-672.0 896.0 -640.0 896.0
-640.0 0.0 -368.0 0.0
-640.0 128.0 -512.0 128.0
-640.0 640.0 -512.0 640.0
-640.0 1152.0 0.0 1152.0
-640.0 1408.0 -512.0 1408.0
-624.0 -624.0 -528.0 -624.0
-624.0 -528.0 -528.0 -528.0
-624.0 16.0 -528.0 16.0
-624.0 112.0 -528.0 112.0
-624.0 656.0 -528.0 656.0
-624.0 752.0 -528.0 752.0
-624.0 1424.0 -528.0 1424.0
-624.0 1520.0 -528.0 1520.0
-592.0 352.0 -576.0 352.0
-576.0 192.0 -512.0 192.0
-576.0 576.0 -512.0 576.0
-560.0 -448.0 -352.0 -448.0
-560.0 992.0 -512.0 992.0
-560.0 1616.0 64.0 1616.0
-544.0 1344.0 -512.0 1344.0
-544.0 1349.0 -512.0 1349.0
-544.0 1363.0 -512.0 1363.0
-544.0 1384.0 -512.0 1384.0
-544.0 1432.0 -512.0 1432.0
-544.0 1453.0 -512.0 1453.0
-544.0 1467.0 -512.0 1467.0
-544.0 1472.0 -512.0 1472.0
-512.0 -608.0 0.0 -608.0
-512.0 -496.0 -384.0 -496.0
-512.0 -416.0 -384.0 -416.0
-512.0 -192.0 -384.0 -192.0
-512.0 -144.0 -448.0 -144.0
-512.0 -80.0 -448.0 -80.0
-512.0 -64.0 -384.0 -64.0
-512.0 -32.0 -384.0 -32.0
-512.0 32.0 -384.0 32.0
-512.0 544.0 -256.0 544.0
-512.0 928.0 -128.0 928.0
-512.0 1600.0 64.0 1600.0
-512.0 1952.0 -256.0 1952.0
-512.0 3328.0 -384.0 3328.0
-512.0 3360.0 -384.0 3360.0
-512.0 3584.0 -384.0 3584.0
-480.0 1584.0 -288.0 1584.0
-480.0 1680.0 -288.0 1680.0
-384.0 448.0 896.0 448.0
-384.0 1328.0 -352.0 1328.0
-352.0 1376.0 -96.0 1376.0
-352.0 1472.0 -256.0 1472.0
-336.0 -496.0 48.0 -496.0
-336.0 240.0 -272.0 240.0
-336.0 320.0 -272.0 320.0
-320.0 -512.0 64.0 -512.0
-288.0 2080.0 1312.0 2080.0
-288.0 2416.0 -272.0 2416.0
-272.0 1712.0 -176.0 1712.0
-272.0 2000.0 -176.0 2000.0
-272.0 2192.0 -176.0 2192.0
-272.0 2256.0 -256.0 2256.0
-272.0 2480.0 -176.0 2480.0
-256.0 288.0 0.0 288.0
-256.0 512.0 112.0 512.0
-256.0 1984.0 1152.0 1984.0
-256.0 1991.0 -224.0 1991.0
-256.0 2012.0 -224.0 2012.0
-256.0 2043.0 -224.0 2043.0
-256.0 2048.0 1184.0 2048.0
-256.0 2208.0 256.0 2208.0
-256.0 2245.0 -224.0 2245.0
-256.0 2276.0 -224.0 2276.0
-256.0 2297.0 -224.0 2297.0
-224.0 2240.0 -128.0 2240.0
-208.0 1568.0 -80.0 1568.0
-192.0 2432.0 -128.0 2432.0
-192.0 2496.0 -128.0 2496.0
-176.0 2555.0 -128.0 2555.0
-176.0 2731.0 0.0 2731.0
-128.0 800.0 -112.0 800.0
-128.0 1024.0 -112.0 1024.0
-128.0 1664.0 64.0 1664.0
-128.0 1792.0 64.0 1792.0
-128.0 2176.0 128.0 2176.0
-128.0 2192.0 0.0 2192.0
-128.0 2480.0 0.0 2480.0
-80.0 -912.0 400.0 -912.0
-80.0 528.0 112.0 528.0
-80.0 1392.0 640.0 1392.0
-64.0 1408.0 704.0 1408.0
0.0 -576.0 224.0 -576.0
0.0 1536.0 256.0 1536.0
0.0 1568.0 256.0 1568.0
0.0 1888.0 128.0 1888.0
16.0 240.0 80.0 240.0
16.0 256.0 768.0 256.0
64.0 2528.0 512.0 2528.0
112.0 16.0 144.0 16.0
128.0 480.0 384.0 480.0
144.0 -176.0 160.0 -176.0
144.0 -172.0 160.0 -172.0
144.0 -162.0 160.0 -162.0
144.0 -146.0 160.0 -146.0
144.0 -128.0 160.0 -128.0
144.0 -110.0 160.0 -110.0
144.0 -94.0 160.0 -94.0
144.0 -84.0 160.0 -84.0
144.0 -80.0 160.0 -80.0
160.0 -208.0 176.0 -208.0
160.0 -48.0 176.0 -48.0
192.0 32.0 768.0 32.0
208.0 496.0 304.0 496.0
224.0 -544.0 368.0 -544.0
234.7 2816.0 256.0 2816.0
256.0 -128.0 448.0 -128.0
256.0 1472.0 640.0 1472.0
256.0 1504.0 512.0 1504.0
256.0 1600.0 512.0 1600.0
256.0 1632.0 384.0 1632.0
256.0 1664.0 512.0 1664.0
256.0 1696.0 384.0 1696.0
256.0 1728.0 384.0 1728.0
256.0 1760.0 384.0 1760.0
256.0 1792.0 512.0 1792.0
256.0 1888.0 768.0 1888.0
256.0 1968.0 512.0 1968.0
256.0 2032.0 1184.0 2032.0
256.0 2288.0 272.0 2288.0
256.0 2576.0 272.0 2576.0
256.0 2720.0 768.0 2720.0
256.0 2752.0 496.0 2752.0
288.0 2336.0 528.0 2336.0
320.0 2012.0 448.0 2012.0
320.0 2016.0 448.0 2016.0
368.0 -857.0 384.0 -857.0
368.0 -836.0 384.0 -836.0
368.0 -805.0 384.0 -805.0
368.0 -768.0 384.0 -768.0
368.0 -731.0 384.0 -731.0
368.0 -700.0 384.0 -700.0
368.0 -679.0 384.0 -679.0
368.0 -672.0 400.0 -672.0
384.0 1152.0 2048.0 1152.0
384.0 1344.0 1152.0 1344.0
448.0 -384.0 768.0 -384.0
464.0 -400.0 784.0 -400.0
464.0 272.0 784.0 272.0
496.0 752.0 896.0 752.0
496.0 984.0 512.0 984.0
496.0 1088.0 512.0 1088.0
496.0 1232.0 528.0 1232.0
512.0 -640.0 896.0 -640.0
512.0 -192.0 768.0 -192.0
512.0 320.0 768.0 320.0
512.0 480.0 768.0 480.0
512.0 592.0 768.0 592.0
512.0 704.0 768.0 704.0
512.0 768.0 1600.0 768.0
512.0 800.0 576.0 800.0
512.0 1024.0 1280.0 1024.0
512.0 1216.0 608.0 1216.0
512.0 1632.0 528.0 1632.0
512.0 2055.0 544.0 2055.0
512.0 2076.0 544.0 2076.0
512.0 2107.0 544.0 2107.0
512.0 2144.0 544.0 2144.0
512.0 2208.0 544.0 2208.0
512.0 2245.0 544.0 2245.0
512.0 2276.0 544.0 2276.0
512.0 2297.0 544.0 2297.0
528.0 1424.0 640.0 1424.0
528.0 2192.0 544.0 2192.0
528.0 2416.0 1040.0 2416.0
544.0 -368.0 736.0 -368.0
544.0 240.0 736.0 240.0
544.0 336.0 736.0 336.0
544.0 688.0 768.0 688.0
544.0 784.0 736.0 784.0
544.0 2336.0 640.0 2336.0
544.0 2400.0 1024.0 2400.0
576.0 1536.0 640.0 1536.0
576.0 1616.0 704.0 1616.0
640.0 1088.0 896.0 1088.0
640.0 1216.0 1184.0 1216.0
640.0 1232.0 1184.0 1232.0
640.0 1280.0 704.0 1280.0
640.0 1600.0 704.0 1600.0
736.0 800.0 1312.0 800.0
768.0 -256.0 1920.0 -256.0
768.0 -48.0 784.0 -48.0
768.0 176.0 784.0 176.0
768.0 1856.0 896.0 1856.0
784.0 2752.0 960.0 2752.0
896.0 -384.0 1280.0 -384.0
896.0 0.0 1152.0 0.0
896.0 416.0 2048.0 416.0
896.0 1888.0 2048.0 1888.0
896.0 2432.0 1056.0 2432.0
944.0 112.0 1152.0 112.0
944.0 256.0 983.7 256.0
944.0 640.0 960.0 640.0
960.0 128.0 1152.0 128.0
960.0 192.0 1152.0 192.0
960.0 544.0 1600.0 544.0
987.7 256.0 1152.0 256.0
1008.0 2800.0 1264.0 2800.0
1024.0 2624.0 1280.0 2624.0
1024.0 2816.0 1600.0 2816.0
1040.0 2320.0 1264.0 2320.0
1040.0 2336.0 1248.0 2336.0
1040.0 2384.0 1104.0 2384.0
1040.0 2400.0 1104.0 2400.0
1049.3 2848.0 1600.0 2848.0
1056.0 2496.0 1248.0 2496.0
1072.0 2768.0 1200.0 2768.0
1184.0 1184.0 1312.0 1184.0
1184.0 1312.0 1312.0 1312.0
1184.0 1952.0 1264.0 1952.0
1192.0 1192.0 1304.0 1192.0
1192.0 1304.0 1304.0 1304.0
1192.0 1960.0 1304.0 1960.0
1192.0 2072.0 1304.0 2072.0
1200.0 1200.0 1296.0 1200.0
1200.0 1296.0 1296.0 1296.0
1200.0 1968.0 1296.0 1968.0
1200.0 2064.0 1296.0 2064.0
1200.0 2480.0 1264.0 2480.0
1200.0 2544.0 1264.0 2544.0
1216.0 320.0 1920.0 320.0
1264.0 1536.0 1280.0 1536.0
1264.0 1760.0 1280.0 1760.0
1264.0 1920.0 1280.0 1920.0
1264.0 2336.0 1600.0 2336.0
1264.0 2592.0 1600.0 2592.0
1267.0 1952.0 1536.0 1952.0
1280.0 0.0 2048.0 0.0
1280.0 32.0 1600.0 32.0
1280.0 64.0 1600.0 64.0
1280.0 128.0 1600.0 128.0
1280.0 256.0 1600.0 256.0
1280.0 288.0 1536.0 288.0
1280.0 1440.0 1600.0 1440.0
1280.0 1664.0 1600.0 1664.0
1280.0 2354.0 1344.0 2354.0
1280.0 2370.0 1344.0 2370.0
1280.0 2416.0 1344.0 2416.0
1280.0 2432.0 1344.0 2432.0
1312.0 1216.0 1600.0 1216.0
1312.0 3056.0 1504.0 3056.0
1312.0 3088.0 1504.0 3088.0
1376.0 928.0 1536.0 928.0
1408.0 896.0 1536.0 896.0
1408.0 2176.0 1536.0 2176.0
1536.0 144.0 1600.0 144.0
1536.0 208.0 1600.0 208.0
1536.0 384.0 1920.0 384.0
1536.0 832.0 1792.0 832.0
1536.0 960.0 1920.0 960.0
1536.0 2080.0 1792.0 2080.0
1541.0 288.0 1600.0 288.0
1600.0 608.0 1632.0 608.0
1600.0 1792.0 1920.0 1792.0
1600.0 1856.0 1920.0 1856.0
1600.0 2240.0 1920.0 2240.0
1648.0 608.0 1744.0 608.0
1664.0 1024.0 1920.0 1024.0
1760.0 512.0 1808.0 512.0
1760.0 608.0 1808.0 608.0
1776.0 480.0 1792.0 480.0
1776.0 640.0 1808.0 640.0
1792.0 516.0 1808.0 516.0
1792.0 526.0 1808.0 526.0
1792.0 542.0 1808.0 542.0
1792.0 560.0 1808.0 560.0
1792.0 578.0 1808.0 578.0
1792.0 594.0 1808.0 594.0
1792.0 604.0 1808.0 604.0
1792.0 864.0 1808.0 864.0
1792.0 2112.0 1808.0 2112.0
-2816.0 3200.0 -2816.0 3904.0
-2688.0 1280.0 -2688.0 3200.0
-2560.0 3200.0 -2560.0 3904.0
-2432.0 -1664.0 -2432.0 1024.0
-2432.0 1408.0 -2432.0 1536.0
-2432.0 2304.0 -2432.0 3328.0
-2368.0 2608.0 -2368.0 3136.0
-2336.0 3440.0 -2336.0 3696.0
-2304.0 -992.0 -2304.0 1024.0
-2304.0 1408.0 -2304.0 1536.0
-2256.0 -1488.0 -2256.0 -448.0
-2256.0 3264.0 -2256.0 3904.0
-2240.0 -1664.0 -2240.0 -272.0
-2240.0 512.0 -2240.0 1024.0
-2240.0 1280.0 -2240.0 1856.0
-2240.0 3440.0 -2240.0 3456.0
-2224.0 -864.0 -2224.0 -672.0
-2192.0 1856.0 -2192.0 2560.0
-2176.0 1152.0 -2176.0 1408.0
-2176.0 2560.0 -2176.0 3264.0
-2144.0 -864.0 -2144.0 -704.0
-2128.0 2000.0 -2128.0 2608.0
-2128.0 2896.0 -2128.0 3328.0
-2112.0 -448.0 -2112.0 -288.0
-2112.0 32.0 -2112.0 224.0
-2112.0 544.0 -2112.0 640.0
-2112.0 1536.0 -2112.0 1584.0
-2112.0 1587.2 -2112.0 1792.0
-2112.0 1856.0 -2112.0 1920.0
-2112.0 1984.0 -2112.0 2608.0
-2112.0 2896.0 -2112.0 3328.0
-2096.0 2080.0 -2096.0 2272.0
-2080.0 1632.0 -2080.0 1808.0
-2080.0 2624.0 -2080.0 2880.0
-2064.0 -640.0 -2064.0 -496.0
-2048.0 -640.0 -2048.0 640.0
-2048.0 896.0 -2048.0 960.0
-2048.0 1152.0 -2048.0 1792.0
-2048.0 2048.0 -2048.0 2176.0
-2048.0 2448.0 -2048.0 2512.0
-2048.0 3104.0 -2048.0 3168.0
-2048.0 3200.0 -2048.0 3264.0
-2043.0 1408.0 -2043.0 1440.0
-2043.0 1760.0 -2043.0 1792.0
-2032.0 2832.0 -2032.0 2944.0
-2029.0 1408.0 -2029.0 1440.0
-2029.0 1760.0 -2029.0 1792.0
-2016.0 -1488.0 -2016.0 -1472.0
-2016.0 -1040.0 -2016.0 -896.0
-2016.0 3136.0 -2016.0 3264.0
-2016.0 3328.0 -2016.0 3456.0
-2016.0 3616.0 -2016.0 3648.0
-2008.0 1408.0 -2008.0 1440.0
-2008.0 1760.0 -2008.0 1792.0
-2000.0 3136.0 -2000.0 3184.0
-1984.0 512.0 -1984.0 544.0
-1984.0 1408.0 -1984.0 1440.0
-1984.0 1760.0 -1984.0 1792.0
-1984.0 2304.0 -1984.0 2448.0
-1984.0 3040.0 -1984.0 3136.0
-1968.0 3264.0 -1968.0 3776.0
-1960.0 1408.0 -1960.0 1440.0
-1960.0 1760.0 -1960.0 1792.0
-1952.0 544.0 -1952.0 640.0
-1952.0 1152.0 -1952.0 1408.0
-1952.0 3136.0 -1952.0 3248.0
-1939.0 1408.0 -1939.0 1440.0
-1939.0 1760.0 -1939.0 1792.0
-1936.0 -1152.0 -1936.0 -1008.0
-1925.0 1408.0 -1925.0 1440.0
-1925.0 1760.0 -1925.0 1792.0
-1920.0 1408.0 -1920.0 1792.0
-1891.4 1856.0 -1891.4 2048.0
-1888.0 1344.0 -1888.0 1408.0
-1888.0 1584.0 -1888.0 1600.0
-1888.0 1792.0 -1888.0 1808.0
-1888.0 2512.0 -1888.0 2688.0
-1888.0 2944.0 -1888.0 3680.0
-1872.0 -896.0 -1872.0 -720.0
-1872.0 2960.0 -1872.0 3696.0
-1870.0 1280.0 -1870.0 1344.0
-1856.0 1152.0 -1856.0 1408.0
-1856.0 1792.0 -1856.0 1856.0
-1856.0 2304.0 -1856.0 2448.0
-1840.0 656.0 -1840.0 960.0
-1824.0 -672.0 -1824.0 512.0
-1824.0 1152.0 -1824.0 1280.0
-1824.0 2048.0 -1824.0 2304.0
-1824.0 2448.0 -1824.0 2512.0
-1808.0 2608.0 -1808.0 2864.0
-1792.0 -1488.0 -1792.0 -1472.0
-1792.0 -992.0 -1792.0 -896.0
-1792.0 -640.0 -1792.0 256.0
-1792.0 544.0 -1792.0 704.0
-1792.0 720.0 -1792.0 1088.0
-1792.0 1792.0 -1792.0 1856.0
-1792.0 3200.0 -1792.0 3776.0
-1792.0 3840.0 -1792.0 3904.0
-1776.0 -640.0 -1776.0 -128.0
-1760.0 2336.0 -1760.0 2432.0
-1760.0 2944.0 -1760.0 3173.3
-1760.0 3440.0 -1760.0 3584.0
-1744.0 2304.0 -1744.0 2872.0
-1744.0 2952.0 -1744.0 3160.0
-1728.0 576.0 -1728.0 1024.0
-1728.0 1600.0 -1728.0 1744.0
-1728.0 2304.0 -1728.0 2896.0
-1728.0 2944.0 -1728.0 3146.7
-1723.0 704.0 -1723.0 736.0
-1723.0 928.0 -1723.0 960.0
-1721.0 2864.0 -1721.0 2896.0
-1721.0 2944.0 -1721.0 2960.0
-1712.0 -336.0 -1712.0 -272.0
-1709.0 704.0 -1709.0 736.0
-1709.0 928.0 -1709.0 960.0
-1700.0 2864.0 -1700.0 2896.0
-1700.0 2944.0 -1700.0 2960.0
-1688.0 704.0 -1688.0 736.0
-1688.0 928.0 -1688.0 960.0
-1669.0 2864.0 -1669.0 2896.0
-1669.0 2944.0 -1669.0 2960.0
-1667.4 1856.0 -1667.4 2048.0
-1664.0 704.0 -1664.0 736.0
-1664.0 928.0 -1664.0 960.0
-1664.0 1344.0 -1664.0 1408.0
-1664.0 1584.0 -1664.0 1600.0
-1664.0 2512.0 -1664.0 3904.0
-1648.0 -1664.0 -1648.0 -144.0
-1640.0 704.0 -1640.0 736.0
-1640.0 928.0 -1640.0 960.0
-1632.0 1152.0 -1632.0 1230.2
-1632.0 2864.0 -1632.0 2896.0
-1632.0 2944.0 -1632.0 2960.0
-1619.0 704.0 -1619.0 736.0
-1619.0 928.0 -1619.0 960.0
-1605.0 704.0 -1605.0 736.0
-1605.0 928.0 -1605.0 960.0
-1600.0 -272.0 -1600.0 2576.0
-1595.0 2864.0 -1595.0 2896.0
-1595.0 2944.0 -1595.0 2960.0
-1584.0 1584.0 -1584.0 1680.0
-1568.0 1216.0 -1568.0 1280.0
-1568.0 2048.0 -1568.0 2080.0
-1564.0 2864.0 -1564.0 2896.0
-1564.0 2944.0 -1564.0 2960.0
-1552.0 -1536.0 -1552.0 -992.0
-1552.0 -272.0 -1552.0 480.0
-1543.0 2864.0 -1543.0 2896.0
-1543.0 2944.0 -1543.0 2960.0
-1536.0 -1536.0 -1536.0 -1152.0
-1536.0 -128.0 -1536.0 256.0
-1536.0 512.0 -1536.0 704.0
-1536.0 960.0 -1536.0 1280.0
-1536.0 2864.0 -1536.0 2896.0
-1536.0 2944.0 -1536.0 2960.0
-1536.0 3584.0 -1536.0 3904.0
-1504.0 1024.0 -1504.0 1280.0
-1504.0 2944.0 -1504.0 2960.0
-1472.0 -896.0 -1472.0 -640.0
-1472.0 1024.0 -1472.0 1152.0
-1472.0 2304.0 -1472.0 2880.0
-1440.0 -128.0 -1440.0 128.0
-1440.0 2432.0 -1440.0 2880.0
-1424.0 -1152.0 -1424.0 -1008.0
-1424.0 -992.0 -1424.0 -896.0
-1424.0 -640.0 -1424.0 -272.0
-1424.0 288.0 -1424.0 480.0
-1408.0 -224.0 -1408.0 -144.0
-1408.0 144.0 -1408.0 704.0
-1408.0 2656.0 -1408.0 2720.0
-1392.0 -240.0 -1392.0 -144.0
-1392.0 144.0 -1392.0 720.0
-1392.0 2608.0 -1392.0 2656.0
-1376.0 1856.0 -1376.0 2048.0
-1360.0 0.0 -1360.0 1024.0
-1360.0 2080.0 -1360.0 2272.0
-1344.0 1216.0 -1344.0 1280.0
-1344.0 1856.0 -1344.0 2880.0
-1336.0 2578.1 -1336.0 2593.0
-1328.0 1840.0 -1328.0 2840.0
-1328.0 2944.0 -1328.0 2992.0
-1312.0 1024.0 -1312.0 1280.0
-1296.0 -272.0 -1296.0 -240.0
-1296.0 1584.0 -1296.0 1968.0
-1296.0 2032.0 -1296.0 2816.0
-1288.0 2581.3 -1288.0 2593.0
-1280.0 1024.0 -1280.0 1280.0
-1280.0 1536.0 -1280.0 1600.0
-1280.0 2048.0 -1280.0 2744.0
-1280.0 2944.0 -1280.0 3840.0
-1264.0 2080.0 -1264.0 2272.0
-1248.0 -896.0 -1248.0 -640.0
-1248.0 1024.0 -1248.0 1152.0
-1244.0 2616.0 -1244.0 2647.0
-1216.0 1024.0 -1216.0 1152.0
-1216.0 1216.0 -1216.0 1536.0
-1200.0 -992.0 -1200.0 -896.0
-1200.0 -640.0 -1200.0 -432.0
-1200.0 2048.0 -1200.0 2096.0
-1184.0 2304.0 -1184.0 2627.9
-1152.0 1152.0 -1152.0 1280.0
-1152.0 2048.0 -1152.0 2560.0
-1152.0 2585.6 -1152.0 2645.6
-1152.0 3328.0 -1152.0 3840.0
-1136.0 -1152.0 -1136.0 -1008.0
-1136.0 -496.0 -1136.0 -394.7
-1136.0 2480.0 -1136.0 2576.0
-1121.0 2048.0 -1121.0 2144.0
-1088.0 -960.0 -1088.0 -512.0
-1088.0 1472.0 -1088.0 1536.0
-1088.0 2571.1 -1088.0 2643.5
-1088.0 2752.0 -1088.0 2762.7
-1072.0 -336.0 -1072.0 -288.0
-1072.0 2032.0 -1072.0 2048.0
-1060.8 2048.0 -1060.8 2144.0
-1056.0 1096.0 -1056.0 1280.0
-1030.0 2048.0 -1030.0 2144.0
-1024.0 -992.0 -1024.0 -272.0
-1024.0 1168.0 -1024.0 1856.0
-1024.0 2560.0 -1024.0 3296.0
-1008.0 -272.0 -1008.0 480.0
-992.0 1376.0 -992.0 1536.0
-976.0 -864.0 -976.0 -672.0
-960.0 -1664.0 -960.0 -256.0
-960.0 480.0 -960.0 1024.0
-960.0 1856.0 -960.0 2560.0
-944.0 -1040.0 -944.0 -240.0
-928.0 -1536.0 -928.0 -240.0
-896.0 -1664.0 -896.0 768.0
-896.0 1280.0 -896.0 1376.0
-896.0 2304.0 -896.0 2560.0
-832.0 2304.0 -832.0 2560.0
-800.0 1280.0 -800.0 1536.0
-800.0 2560.0 -800.0 2616.0
-768.0 -1664.0 -768.0 1024.0
-768.0 1280.0 -768.0 1536.0
-768.0 1792.0 -768.0 1968.0
-768.0 2048.0 -768.0 2688.0
-768.0 3296.0 -768.0 3904.0
-752.0 288.0 -752.0 480.0
-736.0 -896.0 -736.0 -640.0
-736.0 256.0 -736.0 320.0
-736.0 480.0 -736.0 512.0
-736.0 2032.0 -736.0 2048.0
-720.0 1280.0 -720.0 1664.0
-704.0 2048.0 -704.0 2080.0
-688.0 2688.0 -688.0 2944.0
-672.0 -1040.0 -672.0 -896.0
-672.0 -640.0 -672.0 -592.0
-672.0 -272.0 -672.0 896.0
-656.0 1664.0 -656.0 1792.0
-640.0 -992.0 -640.0 96.0
-640.0 192.0 -640.0 512.0
-640.0 672.0 -640.0 1664.0
-624.0 -992.0 -624.0 -512.0
-624.0 0.0 -624.0 16.0
-624.0 112.0 -624.0 128.0
-624.0 640.0 -624.0 656.0
-624.0 752.0 -624.0 768.0
-624.0 1408.0 -624.0 1664.0
-608.0 2080.0 -608.0 2304.0
-592.0 112.0 -592.0 656.0
-576.0 128.0 -576.0 640.0
-576.0 1280.0 -576.0 1536.0
-576.0 2531.0 -576.0 2612.0
-560.0 -528.0 -560.0 -448.0
-560.0 768.0 -560.0 1424.0
-560.0 1520.0 -560.0 1664.0
-544.0 -512.0 -544.0 -448.0
-544.0 768.0 -544.0 1536.0
-544.0 2304.0 -544.0 2504.8
-528.0 -992.0 -528.0 -448.0
-528.0 16.0 -528.0 768.0
-528.0 1280.0 -528.0 1968.0
-512.0 -1024.0 -512.0 1616.0
-512.0 1664.0 -512.0 2048.0
-512.0 3328.0 -512.0 3584.0
-480.0 1584.0 -480.0 1628.0
-480.0 1637.0 -480.0 1680.0
-473.0 1584.0 -473.0 1624.7
-473.0 1633.7 -473.0 1680.0
-452.0 1584.0 -452.0 1614.8
-452.0 1623.9 -452.0 1680.0
-448.0 -1040.0 -448.0 -1024.0
-448.0 -192.0 -448.0 -64.0
-421.0 1584.0 -421.0 1600.2
-421.0 1609.5 -421.0 1680.0
-384.0 -1152.0 -384.0 3904.0
-368.0 0.0 -368.0 208.0
-352.0 -1024.0 -352.0 -448.0
-352.0 1280.0 -352.0 1552.0
-347.0 1584.0 -347.0 1656.5
-347.0 1664.8 -347.0 1680.0
-336.0 256.0 -336.0 336.0
-316.0 1584.0 -316.0 1642.1
-316.0 1650.2 -316.0 1680.0
-295.0 1584.0 -295.0 1632.3
-295.0 1640.3 -295.0 1680.0
-288.0 1584.0 -288.0 1629.0
-288.0 1637.0 -288.0 1680.0
-288.0 1728.0 -288.0 1984.0
-288.0 2208.0 -288.0 2464.0
-272.0 240.0 -272.0 448.0
-272.0 1712.0 -272.0 2000.0
-272.0 2192.0 -272.0 2480.0
-256.0 288.0 -256.0 2752.0
-240.0 768.0 -240.0 1600.0
-224.0 -896.0 -224.0 -640.0
-224.0 1584.0 -224.0 1600.0
-224.0 1984.0 -224.0 2304.0
-192.0 1600.0 -192.0 1616.0
-192.0 1664.0 -192.0 1712.0
-192.0 1984.0 -192.0 2723.4
-188.0 1600.0 -188.0 1616.0
-178.0 1600.0 -178.0 1616.0
-176.0 1664.0 -176.0 1712.0
-176.0 2000.0 -176.0 2192.0
-176.0 2480.0 -176.0 2772.0
-162.0 1600.0 -162.0 1616.0
-160.0 -1040.0 -160.0 -1024.0
-160.0 -992.0 -160.0 -896.0
-160.0 -640.0 -160.0 -608.0
-160.0 2240.0 -160.0 2304.0
-144.0 1600.0 -144.0 1616.0
-144.0 1984.0 -144.0 2048.0
-128.0 -1024.0 -128.0 -960.0
-128.0 576.0 -128.0 1344.0
-128.0 1616.0 -128.0 2192.0
-128.0 2208.0 -128.0 2304.0
-128.0 2432.0 -128.0 2784.0
-126.0 1600.0 -126.0 1616.0
-112.0 -1040.0 -112.0 -944.0
-112.0 560.0 -112.0 1360.0
-110.0 1600.0 -110.0 1616.0
-100.0 1600.0 -100.0 1616.0
-96.0 -608.0 -96.0 -496.0
-96.0 1600.0 -96.0 1616.0
-80.0 1984.0 -80.0 2048.0
-64.0 1584.0 -64.0 1600.0
-32.0 288.0 -32.0 512.0
-32.0 1600.0 -32.0 1616.0
0.0 -912.0 0.0 -512.0
0.0 288.0 0.0 448.0
0.0 768.0 0.0 1280.0
0.0 1392.0 0.0 1616.0
0.0 1856.0 0.0 3072.0
16.0 240.0 16.0 272.0
32.0 1616.0 32.0 1664.0
32.0 2048.0 32.0 2240.0
64.0 1536.0 64.0 1888.0
64.0 2400.0 64.0 2528.0
96.0 2048.0 96.0 2304.0
112.0 -464.0 112.0 -272.0
112.0 16.0 112.0 208.0
112.0 496.0 112.0 528.0
128.0 -448.0 128.0 -272.0
128.0 16.0 128.0 192.0
128.0 1856.0 128.0 3072.0
144.0 -896.0 144.0 -640.0
144.0 -176.0 144.0 -80.0
160.0 -912.0 160.0 -896.0
160.0 -256.0 160.0 128.0
160.0 1392.0 160.0 1408.0
176.0 464.0 176.0 480.0
192.0 -272.0 192.0 448.0
208.0 448.0 208.0 768.0
212.0 480.0 212.0 496.0
222.0 480.0 222.0 496.0
224.0 -640.0 224.0 -352.0
224.0 1408.0 224.0 1536.0
238.0 480.0 238.0 496.0
256.0 480.0 256.0 496.0
256.0 1280.0 256.0 3296.0
274.0 480.0 274.0 496.0
288.0 2048.0 288.0 2560.0
290.0 480.0 290.0 496.0
300.0 480.0 300.0 496.0
304.0 480.0 304.0 496.0
336.0 464.0 336.0 480.0
368.0 -1024.0 368.0 -272.0
384.0 -896.0 384.0 -320.0
384.0 320.0 384.0 1408.0
384.0 1664.0 384.0 1792.0
400.0 -912.0 400.0 -464.0
400.0 336.0 400.0 496.0
400.0 1648.0 400.0 1792.0
416.0 -160.0 416.0 256.0
416.0 1408.0 416.0 1504.0
448.0 1968.0 448.0 2032.0
480.0 1392.0 480.0 1408.0
480.0 1504.0 480.0 1600.0
480.0 1792.0 480.0 1968.0
480.0 2032.0 480.0 2528.0
480.0 2560.0 480.0 2752.0
496.0 752.0 496.0 1088.0
496.0 1200.0 496.0 1232.0
496.0 2736.0 496.0 2752.0
512.0 -1152.0 512.0 -640.0
512.0 -384.0 512.0 272.0
512.0 320.0 512.0 704.0
512.0 768.0 512.0 1088.0
512.0 1120.0 512.0 1216.0
512.0 1408.0 512.0 2528.0
528.0 1408.0 528.0 2032.0
528.0 2048.0 528.0 2720.0
544.0 -384.0 544.0 284.0
544.0 293.0 544.0 336.0
544.0 688.0 544.0 784.0
544.0 2048.0 544.0 2416.0
551.0 -384.0 551.0 -368.0
551.0 240.0 551.0 287.3
551.0 296.2 551.0 336.0
551.0 688.0 551.0 784.0
572.0 -384.0 572.0 -368.0
572.0 240.0 572.0 297.0
572.0 305.9 572.0 336.0
572.0 688.0 572.0 784.0
576.0 1536.0 576.0 1984.0
576.0 2336.0 576.0 2400.0
592.0 1984.0 592.0 2560.0
603.0 -384.0 603.0 -368.0
603.0 240.0 603.0 311.5
603.0 320.1 603.0 336.0
603.0 688.0 603.0 784.0
640.0 -384.0 640.0 -368.0
640.0 240.0 640.0 336.0
640.0 688.0 640.0 784.0
640.0 1024.0 640.0 1152.0
640.0 1216.0 640.0 1232.0
640.0 1280.0 640.0 1616.0
640.0 2304.0 640.0 2400.0
672.0 -400.0 672.0 -384.0
672.0 592.0 672.0 688.0
672.0 864.0 672.0 1024.0
672.0 2048.0 672.0 2304.0
677.0 -384.0 677.0 -368.0
677.0 240.0 677.0 255.9
677.0 264.5 677.0 336.0
677.0 688.0 677.0 784.0
704.0 1280.0 704.0 1888.0
704.0 3072.0 704.0 3904.0
708.0 -384.0 708.0 -368.0
708.0 240.0 708.0 270.1
708.0 279.0 708.0 336.0
708.0 688.0 708.0 784.0
720.0 752.0 720.0 768.0
729.0 -384.0 729.0 -368.0
729.0 240.0 729.0 279.8
729.0 288.7 729.0 336.0
729.0 688.0 729.0 784.0
736.0 -384.0 736.0 283.0
736.0 292.0 736.0 784.0
736.0 2032.0 736.0 2048.0
736.0 2304.0 736.0 2400.0
752.0 2416.0 752.0 2560.0
768.0 -400.0 768.0 704.0
768.0 1088.0 768.0 2720.0
784.0 -400.0 784.0 272.0
784.0 2560.0 784.0 3072.0
864.0 1024.0 864.0 1088.0
864.0 1216.0 864.0 1232.0
896.0 -1152.0 896.0 2560.0
944.0 112.0 944.0 1152.0
960.0 112.0 960.0 344.3
960.0 348.3 960.0 768.0
960.0 800.0 960.0 1024.0
960.0 1152.0 960.0 1216.0
1008.0 2560.0 1008.0 2800.0
1024.0 2048.0 1024.0 2624.0
1024.0 2816.0 1024.0 3072.0
1040.0 2304.0 1040.0 2432.0
1056.0 2320.0 1056.0 2800.0
1088.0 -256.0 1088.0 416.0
1088.0 768.0 1088.0 800.0
1104.0 2320.0 1104.0 2400.0
1120.0 1024.0 1120.0 1152.0
1120.0 1216.0 1120.0 1232.0
1120.0 2032.0 1120.0 2048.0
1152.0 -256.0 1152.0 416.0
1152.0 1344.0 1152.0 1984.0
1184.0 416.0 1184.0 768.0
1184.0 800.0 1184.0 1024.0
1184.0 1152.0 1184.0 1312.0
1184.0 1952.0 1184.0 3072.0
1192.0 1152.0 1192.0 1304.0
1192.0 1960.0 1192.0 2560.0
1200.0 1200.0 1200.0 1296.0
1200.0 1968.0 1200.0 2064.0
1200.0 2480.0 1200.0 2544.0
1216.0 2784.0 1216.0 2800.0
1232.0 2800.0 1232.0 2816.0
1248.0 320.0 1248.0 768.0
1248.0 2320.0 1248.0 2560.0
1264.0 1312.0 1264.0 1952.0
1264.0 2304.0 1264.0 2816.0
1267.0 1920.0 1267.0 1952.0
1280.0 -384.0 1280.0 768.0
1280.0 1024.0 1280.0 1184.0
1280.0 1312.0 1280.0 1952.0
1280.0 2304.0 1280.0 3072.0
1287.0 288.0 1287.0 320.0
1289.0 0.0 1289.0 32.0
1296.0 1200.0 1296.0 1296.0
1296.0 1968.0 1296.0 2064.0
1304.0 1152.0 1304.0 2560.0
1308.0 288.0 1308.0 320.0
1312.0 1152.0 1312.0 2304.0
1312.0 3056.0 1312.0 3088.0
1317.0 0.0 1317.0 32.0
1319.0 3056.0 1319.0 3088.0
1339.0 288.0 1339.0 320.0
1340.0 3056.0 1340.0 3088.0
1344.0 0.0 1344.0 128.0
1344.0 2354.0 1344.0 2432.0
1359.0 0.0 1359.0 32.0
1371.0 3056.0 1371.0 3088.0
1376.0 288.0 1376.0 320.0
1408.0 0.0 1408.0 32.0
1408.0 3056.0 1408.0 3088.0
1445.0 3056.0 1445.0 3088.0
1457.0 0.0 1457.0 32.0
1476.0 3056.0 1476.0 3088.0
1497.0 3056.0 1497.0 3088.0
1499.0 0.0 1499.0 32.0
1504.0 32.0 1504.0 1152.0
1504.0 2304.0 1504.0 3088.0
1527.0 0.0 1527.0 32.0
1536.0 -256.0 1536.0 3072.0
1541.0 288.0 1541.0 320.0
1568.0 832.0 1568.0 960.0
1572.0 288.0 1572.0 320.0
1593.0 288.0 1593.0 320.0
1600.0 32.0 1600.0 3072.0
1616.0 320.0 1616.0 832.0
1616.0 960.0 1616.0 1072.0
1632.0 416.0 1632.0 1056.0
1696.0 320.0 1696.0 416.0
1696.0 1792.0 1696.0 1888.0
1728.0 960.0 1728.0 1024.0
1760.0 496.0 1760.0 624.0
1792.0 320.0 1792.0 1024.0
1792.0 1792.0 1792.0 2304.0
1808.0 320.0 1808.0 1024.0
1808.0 1792.0 1808.0 2304.0
1920.0 -256.0 1920.0 3072.0
2048.0 0.0 2048.0 3072.0
-2256.0 -1488.0 -2240.0 -1472.0
-2256.0 3376.0 -1856.0 3776.0
-2208.0 -640.0 -2048.0 -480.0
-2192.0 1904.0 -2160.0 1936.0
-2144.0 -448.0 -2080.0 -384.0
-2144.0 2560.0 -1952.0 2752.0
-2128.1 1967.9 -2115.4 1980.6
-2112.0 -320.0 -1920.0 -128.0
-2112.0 192.0 -1920.0 384.0
-2112.0 1600.0 -2080.0 1632.0
-2112.0 1984.0 -2048.0 2048.0
-2096.0 1792.0 -2038.7 1849.3
-2080.0 -1152.0 -1920.0 -992.0
-2048.0 -896.0 -1792.0 -640.0
-1984.0 512.0 -1776.0 720.0
-1888.0 2944.0 -1872.0 2960.0
-1888.0 3680.0 -1872.0 3696.0
-1824.0 2880.0 -1808.0 2896.0
-1792.0 512.0 -1600.0 704.0
-1728.0 2784.0 -1632.0 2880.0
-1664.0 1680.0 -1600.0 1744.0
-1600.0 1640.0 -1384.0 1856.0
-1600.0 1664.0 -1408.0 1856.0
-1600.0 2176.0 -1472.0 2304.0
-1552.0 -1488.0 -1536.0 -1472.0
-1552.0 -1136.0 -1408.0 -992.0
-1552.0 16.0 -1392.0 176.0
-1408.0 -224.0 -1392.0 -208.0
-1408.0 704.0 -1392.0 720.0
-1376.0 -256.0 -1360.0 -240.0
-1296.0 2032.0 -1280.0 2048.0
-1072.0 -336.0 -992.0 -256.0
-960.0 -256.0 -944.0 -240.0
-672.0 480.0 -576.0 576.0
-640.0 -640.0 -624.0 -624.0
-640.0 0.0 -624.0 16.0
-640.0 640.0 -624.0 656.0
-640.0 1408.0 -624.0 1424.0
-624.0 2032.0 -608.0 2048.0
-544.0 0.0 -16.0 528.0
-528.0 -528.0 -512.0 -512.0
-528.0 112.0 -512.0 128.0
-528.0 752.0 -512.0 768.0
-528.0 1520.0 -512.0 1536.0
-528.0 1936.0 -512.0 1952.0
-512.0 2048.0 -384.0 2176.0
-384.0 192.0 -320.0 256.0
-384.0 1888.0 -176.0 2096.0
-384.0 2368.0 -192.0 2560.0
-352.0 -896.0 272.0 -272.0
-320.0 -512.0 -304.0 -496.0
-240.0 1408.0 -48.0 1600.0
-192.0 -1024.0 -64.0 -896.0
-192.0 1280.0 0.0 1472.0
-160.0 -1024.0 0.0 -864.0
-160.0 1280.0 0.0 1440.0
-128.0 576.0 -112.0 592.0
-112.0 1336.0 -56.0 1392.0
-64.0 512.0 -48.0 528.0
-32.0 2304.0 192.0 2528.0
0.0 -576.0 512.0 -64.0
0.0 2208.0 96.0 2304.0
0.0 2602.7 128.0 2730.7
48.0 240.0 64.0 256.0
112.0 176.0 128.0 192.0
144.0 -272.0 192.0 -224.0
160.0 -224.0 256.0 -128.0
240.0 368.0 352.0 480.0
256.0 2272.0 288.0 2304.0
320.0 -384.0 432.0 -272.0
352.0 448.0 400.0 496.0
352.0 1600.0 416.0 1664.0
368.0 -496.0 592.0 -272.0
384.0 -448.0 448.0 -384.0
384.0 320.0 400.0 336.0
448.0 256.0 464.0 272.0
496.0 752.0 512.0 768.0
496.0 1088.0 640.0 1232.0
496.0 1200.0 528.0 1232.0
512.0 1088.0 640.0 1216.0
512.0 1120.0 608.0 1216.0
608.0 2560.0 784.0 2736.0
768.0 256.0 784.0 272.0
784.0 2576.0 1184.0 2976.0
896.0 752.0 912.0 768.0
944.0 112.0 960.0 128.0
944.0 704.0 960.0 720.0
1056.0 2624.0 1232.0 2800.0
1088.0 192.0 1280.0 384.0
1184.0 1184.0 1200.0 1200.0
1184.0 1952.0 1200.0 1968.0
1280.0 768.0 1408.0 896.0
1296.0 1296.0 1312.0 1312.0
1296.0 2064.0 1408.0 2176.0
1600.0 1728.0 1728.0 1856.0
1696.0 560.0 1792.0 656.0
-2256.0 3664.0 -2112.0 3520.0
-2240.0 3440.0 -2128.0 3328.0
-2240.0 3456.0 -2112.0 3328.0
-2144.0 -448.0 -2080.0 -512.0
-2144.0 2944.0 -1760.0 2560.0
-2128.0 2000.0 -2112.0 1984.0
-2112.0 -416.0 -2048.0 -480.0
-2112.0 64.0 -1776.0 -272.0
-2112.0 576.0 -1600.0 64.0
-2048.0 -640.0 -1920.0 -768.0
-2048.0 3104.0 -1744.0 2800.0
-1936.0 1856.0 -1872.0 1792.0
-1872.0 2960.0 -1808.0 2896.0
-1824.0 704.0 -1792.0 672.0
-1824.0 1143.0 -1801.0 1120.0
-1792.0 1808.0 -1600.0 1616.0
-1787.8 3451.8 -1280.0 2944.0
-1728.0 2304.0 -1600.0 2176.0
-1664.0 -992.0 -1648.0 -1008.0
-1655.0 1312.0 -1600.0 1257.0
-1640.0 1704.0 -1600.0 1664.0
-1600.0 1600.0 -1584.0 1584.0
-1600.0 1744.0 -1560.0 1704.0
-1570.4 1693.6 -1558.4 1681.6
-1568.0 544.0 -1536.0 512.0
-1552.0 -48.0 -1328.0 -272.0
-1552.0 -16.0 -1392.0 -176.0
-1488.0 -144.0 -1088.0 -544.0
-1440.0 2880.0 -1344.0 2784.0
-1432.0 2896.0 -1328.0 2792.0
-1344.0 1856.0 -1328.0 1840.0
-1296.0 -272.0 -1024.0 -544.0
-1152.0 -992.0 -992.0 -1152.0
-1152.0 1152.0 -1072.0 1072.0
-960.0 -1024.0 -944.0 -1040.0
-960.0 2368.0 -448.0 1856.0
-768.0 384.0 -576.0 192.0
-640.0 -512.0 -624.0 -528.0
-640.0 128.0 -624.0 112.0
-640.0 768.0 -624.0 752.0
-640.0 1536.0 -624.0 1520.0
-608.0 2048.0 -512.0 1952.0
-528.0 -624.0 -512.0 -640.0
-528.0 16.0 -512.0 0.0
-528.0 656.0 -512.0 640.0
-528.0 1424.0 -512.0 1408.0
-528.0 1616.0 -512.0 1600.0
-512.0 512.0 -320.0 320.0
-384.0 -448.0 -224.0 -608.0
-384.0 192.0 -368.0 176.0
-384.0 1824.0 -224.0 1664.0
-384.0 2176.0 -256.0 2048.0
-384.0 2304.0 -176.0 2096.0
-352.0 -448.0 -128.0 -672.0
-320.0 256.0 -304.0 240.0
-288.0 768.0 -32.0 512.0
-256.0 704.0 -64.0 512.0
-240.0 1600.0 -144.0 1504.0
-128.0 -1024.0 -112.0 -1040.0
-128.0 -960.0 -112.0 -976.0
-128.0 416.0 192.0 96.0
-64.0 -896.0 -48.0 -912.0
-32.0 2304.0 32.0 2240.0
32.0 2368.0 96.0 2304.0
48.0 -496.0 64.0 -512.0
64.0 256.0 192.0 128.0
80.0 528.0 160.0 448.0
112.0 -432.0 128.0 -448.0
112.0 48.0 192.0 -32.0
160.0 -32.0 256.0 -128.0
160.0 480.0 192.0 448.0
192.0 416.0 352.0 256.0
256.0 -320.0 400.0 -464.0
256.0 2592.0 288.0 2560.0
288.0 416.0 448.0 256.0
288.0 448.0 768.0 -32.0
384.0 -896.0 400.0 -912.0
384.0 -320.0 464.0 -400.0
480.0 2752.0 528.0 2704.0
496.0 1232.0 512.0 1216.0
512.0 1024.0 768.0 768.0
512.0 2048.0 528.0 2032.0
768.0 -384.0 784.0 -400.0
896.0 752.0 944.0 704.0
912.0 768.0 960.0 720.0
1056.0 2784.0 1136.0 2704.0
1184.0 1312.0 1200.0 1296.0
1184.0 2080.0 1200.0 2064.0
1280.0 1024.0 1408.0 896.0
1280.0 2304.0 1408.0 2176.0
1296.0 1200.0 1312.0 1184.0
1296.0 1968.0 1312.0 1952.0
1536.0 1152.0 1792.0 896.0
1600.0 2368.0 1728.0 2240.0
1632.0 624.0 1792.0 464.0
-1696.0 3120.0 -1600.0 3264.0
-1072.0 1072.0 -1040.0 1120.0
1025.0 3010.0 1041.0 3072.0
1041.0 2401.0 1057.0 2463.0
1087.0 2994.0 1103.0 3056.0
1103.0 2385.0 1119.0 2447.0
632.0 325.0 640.0 306.3
640.0 269.7 648.0 251.0
-1201.1 2623.0 -1187.0 2622.3
-1040.0 1120.0 -1029.3 1152.0
960.0 348.3 1152.0 399.9
-1760.0 2880.0 -1728.0 2864.0
-1760.0 3440.0 -1664.0 3392.0
-1664.0 3024.0 -1504.0 2944.0
-1600.0 1664.0 -1584.0 1656.0
-1408.0 2880.0 -1216.0 2784.0
-1296.0 2752.0 -1280.0 2744.0
-512.0 1600.0 -480.0 1584.0
-288.0 1680.0 -256.0 1664.0
-128.0 1344.0 -112.0 1336.0
512.0 256.0 544.0 240.0
512.0 704.0 672.0 624.0
640.0 384.0 768.0 320.0
640.0 832.0 768.0 768.0
736.0 -368.0 768.0 -384.0
1200.0 1200.0 1216.0 1192.0
1280.0 3072.0 1504.0 2960.0
1296.0 1296.0 1312.0 1288.0
-908.9 2723.2 -792.5 2694.1
-1024.0 2726.4 -1012.5 2721.8
-245.5 2480.0 -227.9 2560.0
544.0 284.0 618.9 318.9
661.1 257.1 736.0 292.0
-1168.0 1152.0 -1120.0 1040.0
-1024.0 2572.9 -985.6 2574.1
-900.4 2721.1 -792.5 2694.1
-1216.0 2784.0 -1088.0 2762.7
-2496.0 2304.0 -2413.7 1974.9
-448.0 2499.0 -384.0 2498.0
-1664.0 1344.0 -1632.0 1230.2
-1336.0 2593.0 -1330.2 2656.4
-538.6 2500.4 -384.0 2498.0
-1760.0 2944.0 -1728.0 2960.0
-1632.0 2816.0 -1472.0 2896.0
-1344.0 2784.0 -1328.0 2792.0
-512.0 1664.0 -384.0 1728.0
-384.0 1536.0 -256.0 1600.0
496.0 760.0 640.0 832.0
512.0 -384.0 544.0 -368.0
512.0 320.0 768.0 448.0
736.0 240.0 768.0 256.0
736.0 688.0 768.0 704.0
1200.0 1296.0 1216.0 1304.0
1280.0 1192.0 1296.0 1200.0
1504.0 3056.0 1536.0 3072.0
1052.0 373.0 1152.0 399.9
1077.0 280.0 1152.0 300.2
-1664.0 3093.3 -1504.0 2960.0
-452.0 1614.8 -421.0 1600.2
-347.0 1664.8 -316.0 1650.2
-626.8 2659.3 -576.0 2612.0
1025.0 3010.0 1087.0 2994.0
1041.0 2401.0 1103.0 2385.0
1041.0 3072.0 1103.0 3056.0
1057.0 2463.0 1119.0 2447.0
-2240.0 -896.0 -2112.0 -640.0
-2112.0 2048.0 -1984.0 2304.0
-1440.0 2880.0 -1432.0 2896.0
-1424.0 480.0 -1408.0 512.0
-1408.0 2176.0 -1344.0 2304.0
-1280.0 2048.0 -1152.0 2304.0
-1024.0 -768.0 -960.0 -640.0
-768.0 256.0 -656.0 480.0
368.0 -672.0 384.0 -640.0
1192.0 2048.0 1200.0 2064.0
1296.0 1968.0 1304.0 1984.0
-373.0 1677.0 -356.9 1714.5
-452.0 1623.9 -421.0 1609.5
-347.0 1656.5 -316.0 1642.1
-2413.7 1974.9 -2384.0 1856.0
1041.1 2816.0 1087.0 2994.0
-1810.0 1152.0 -1792.0 1088.0
-1664.0 1344.0 -1646.0 1280.0
632.0 325.0 661.1 257.1
-2240.0 -640.0 -2176.0 -768.0
-2112.0 2304.0 -2048.0 2176.0
-1472.0 2304.0 -1344.0 2048.0
-1424.0 288.0 -1408.0 256.0
-1408.0 1856.0 -1400.0 1840.0
-1280.0 2304.0 -1216.0 2176.0
-1024.0 -768.0 -960.0 -896.0
-768.0 512.0 -752.0 480.0
-64.0 1408.0 -56.0 1392.0
368.0 -864.0 384.0 -896.0
1192.0 1984.0 1200.0 1968.0
1288.0 2080.0 1296.0 2064.0
-1204.3 2655.6 -1188.6 2644.8
-2128.0 1856.0 -2122.9 1835.4
-256.0 2585.7 -223.0 2582.4
-448.0 2499.0 -256.0 2496.0
-421.0 1600.2 -395.0 1588.0
-373.0 1677.0 -347.0 1664.8
-2112.0 1584.0 -2048.0 1600.0
-1136.0 2532.0 -768.0 2624.0
-1088.0 2643.5 -1024.0 2659.5
-1024.0 2579.0 -960.0 2595.0
-512.0 2688.0 -384.0 2720.0
-176.0 2772.0 0.0 2816.0
-1029.3 1152.0 -1024.0 1168.0
-1336.0 2578.1 -1288.0 2581.3
-449.1 2580.3 -384.0 2582.4
-192.0 2723.4 -186.7 2769.3
-1856.0 1152.0 -1824.0 1143.0
-1632.0 1289.0 -1600.0 1280.0
-1296.0 -288.0 -1132.8 -396.8
-356.9 1714.5 -288.0 1680.0
-1280.0 2627.5 -1152.0 2628.1
-176.0 2772.0 -129.6 2783.6
-2688.0 2560.0 -2432.0 1536.0
-2560.0 2560.0 -2304.0 1536.0
-2205.0 1856.0 -2189.0 1792.0
-2128.0 1856.0 -2112.0 1792.0
551.0 287.3 572.0 297.0
708.0 279.0 729.0 288.7
-2133.4 1856.0 -2112.0 1792.0
-960.0 2595.0 -827.9 2703.0
-2200.2 1565.8 -2197.7 1536.0
-2133.3 1962.7 -2112.4 1920.8
-186.7 2769.3 -176.0 2772.0
-1329.8 2244.0 -1320.2 2265.0
-1303.8 2087.0 -1294.2 2108.0
-985.6 2574.1 -965.3 2574.7
-1324.0 2664.0 -1284.0 2736.0
-1408.0 2176.0 -1394.3 2203.4
-1229.7 2148.6 -1216.0 2176.0
-2038.7 1849.3 -2024.0 1824.0
572.0 297.0 603.0 311.5
677.0 264.5 708.0 279.0
-1228.0 2626.0 -1210.4 2634.6
-384.0 1651.3 -376.0 1670.0
-1024.0 2579.0 -961.0 2594.8
-2226.1 1600.0 -2177.7 1536.0
-1427.2 2896.0 -1408.0 2880.0
-1024.0 2722.0 -1012.5 2721.8
-2133.3 1962.7 -2112.0 1984.0
-1115.0 2767.2 -1024.0 2752.0
-392.0 1596.0 -384.0 1617.3
-2230.8 1959.3 -2205.0 1856.0
-409.7 1548.8 -384.0 1536.0
-1039.0 2572.5 -1024.0 2572.9
-781.0 2691.2 -768.0 2688.0
612.6 370.3 640.0 384.0
-1280.0 2726.3 -1243.4 2725.7
-1356.0 2187.0 -1317.0 2272.0
-1307.0 2080.0 -1268.0 2165.0
-1280.0 2649.6 -1152.0 2645.6
-1334.9 2604.6 -1330.2 2656.4
-1210.4 2634.6 -1204.3 2655.6
-2453.6 2134.4 -2394.0 2304.0
-2412.2 1968.9 -2384.0 1856.0
-1335.5 2213.0 -1321.1 2244.0
-1302.9 2108.0 -1288.5 2139.0
-1792.0 3200.0 -1696.0 3120.0
-1315.6 2653.8 -1288.0 2593.0
-512.0 2688.0 -384.0 2720.0
-960.4 2675.4 -908.9 2723.2
-810.7 2698.7 -768.0 2688.0
-1787.6 3453.8 -1664.0 3392.0
-480.0 1637.0 -392.0 1596.0
-376.0 1670.0 -288.0 1629.0
-985.6 2574.1 -827.9 2703.0
-1173.3 2944.0 -1128.5 2896.0
-1760.0 3173.3 -1728.0 3146.7
-1790.9 3550.0 -1783.8 3326.0
-1779.4 3189.5 -1696.0 3120.0
551.0 296.2 572.0 305.9
708.0 270.1 729.0 279.8
-1787.8 3451.8 -1781.8 3264.0
-1394.3 2203.4 -1356.0 2187.0
-1268.0 2165.0 -1229.7 2148.6
-768.0 2688.0 -611.5 2560.0
-1088.0 2752.0 -1024.0 2726.4
-1349.0 2184.0 -1308.0 2272.0
-1316.0 2080.0 -1275.0 2168.0
-1280.0 2625.0 -1244.0 2616.0
-1024.0 2752.0 -768.0 2688.0
-576.0 2531.0 -448.0 2499.0
-2150.4 1945.6 -2133.3 1962.7
-1210.4 2634.6 -1196.6 2622.4
960.0 348.3 1052.0 373.0
-384.0 2582.4 -256.0 2586.4
-1120.0 1040.0 -1072.0 1072.0
0.0 1984.0 96.0 2048.0
-227.9 2560.0 -192.0 2723.4
-1114.7 1152.0 -1040.0 1120.0
-2133.3 1962.7 -2112.0 1920.0
-1408.0 2880.0 -1328.0 2813.3
651.0 244.0 736.0 45.7
-1787.6 3453.8 -1760.0 3440.0
-1792.0 3200.0 -1664.0 3093.3
-1655.0 1312.0 -1610.0 1152.0
-1152.0 2585.6 -1088.0 2571.1
-2128.1 1967.9 -2112.4 1920.8
-2384.0 1856.0 -2366.3 1785.3
-1792.0 3584.0 -1787.8 3453.9
-1440.0 2432.0 -1344.0 2541.7
-1168.0 1024.0 -1120.0 1040.0
-1360.0 2188.7 -1330.3 2176.0
-1293.7 2176.0 -1264.0 2163.3
-2240.0 1618.4 -2226.1 1600.0
-1349.0 2184.0 -1335.5 2213.0
-1288.5 2139.0 -1275.0 2168.0
-1228.0 2626.0 -1217.0 2614.0
987.7 256.0 1152.0 300.2
-473.0 1633.7 -452.0 1623.9
-316.0 1642.1 -295.0 1632.3
-611.5 2560.0 -576.0 2531.0
-2112.0 1919.6 -2090.8 1856.0
-2192.0 1904.0 -2150.4 1945.6
-1280.0 2625.0 -1244.0 2625.2
-1664.0 3093.3 -1484.8 2944.0
-1792.0 3584.0 -1790.9 3550.0
-1792.0 -128.0 -1536.0 64.0
-421.0 1609.5 -392.0 1596.0
-376.0 1670.0 -347.0 1656.5
627.3 336.0 640.0 306.3
640.0 269.7 652.7 240.0
-2218.9 2048.0 -2192.0 1967.5
-1504.0 2960.0 -1427.2 2896.0
-2080.2 1920.3 -2042.7 1856.0
-2253.3 2049.3 -2219.1 2048.7
-1664.0 3093.3 -1504.0 2960.0
-1728.0 2831.0 -1696.0 2887.0
-1672.0 2799.0 -1640.0 2855.0
-2230.8 1959.3 -2192.0 1946.5
-392.0 1596.0 -384.0 1617.3
234.7 2816.0 256.0 2837.3
572.0 305.9 603.0 320.1
677.0 255.9 708.0 270.1
-961.0 2594.8 -828.1 2703.0
-1280.0 2625.0 -1278.0 2637.0
-1321.1 2244.0 -1311.3 2265.0
-1312.7 2087.0 -1302.9 2108.0
-2366.3 1785.3 -2240.0 1618.4
-1744.0 3160.0 -1664.0 3093.3
-1088.0 2571.1 -1024.0 2572.9
-900.4 2721.1 -768.0 2688.0
-1632.0 1230.2 -1610.0 1152.0
-2115.4 1980.6 -2042.7 1856.0
645.9 256.0 736.0 45.7
-384.0 1651.3 -376.0 1670.0
-1280.0 2583.4 -1152.0 2585.6
-1152.0 1168.0 -1114.7 1152.0
-1728.0 2831.0 -1672.0 2799.0
-1696.0 2887.0 -1640.0 2855.0
-1017.2 2750.3 -1012.5 2721.8
-1017.2 2750.3 -908.9 2723.2
-1296.0 2797.3 -1216.0 2784.0
-1296.0 2752.0 -1243.4 2725.7
603.0 311.5 632.0 325.0
648.0 251.0 677.0 264.5
-1349.0 2184.0 -1281.1 2154.9
-1342.9 2197.1 -1275.0 2168.0
-1088.0 2571.1 -1039.1 2560.0
-384.0 2720.0 -144.9 2779.8
-2233.2 1968.9 -2205.0 1856.0
-1136.0 2532.0 -1031.2 2558.2
-1132.8 -396.8 -1024.0 -288.0
-1243.4 2725.7 -1024.0 2722.0
-384.0 2720.0 -256.0 2752.0
-2432.0 2413.7 -2368.0 2304.0
-827.9 2703.0 -781.0 2691.2
603.0 320.1 629.0 332.0
651.0 244.0 677.0 255.9
960.0 344.3 983.7 256.0
-2200.2 1565.8 -2177.7 1536.0
-657.5 2688.0 -626.8 2659.3
-1024.0 2722.0 -912.3 2720.1
-1427.2 2896.0 -1328.0 2813.3
-538.6 2500.4 -448.0 2499.0
-2453.6 2134.4 -2393.7 2304.9
-256.0 2560.3 -223.0 2582.4
-1024.0 2659.5 -960.4 2675.4
-384.0 2720.0 -179.1 2771.2
544.0 293.0 629.0 332.0
651.0 244.0 736.0 283.0
544.0 336.0 612.6 370.3
-1152.0 1184.0 -1024.0 1168.0
-1051.4 2572.1 -1024.0 2579.0
-1216.0 2784.0 -1115.0 2767.2
-2453.6 2134.4 -2413.7 1974.9
-405.1 1602.1 -392.0 1596.0
-1334.9 2604.6 -1293.0 2604.0
-480.0 1637.0 -405.1 1602.1
-2096.0 1792.0 -2076.1 1811.9
-2496.0 2304.0 -2384.0 1856.0
-1139.3 2896.0 -1115.0 2767.2
-480.0 1584.0 -409.7 1548.8
-480.0 1628.0 -395.0 1588.0
-373.0 1677.0 -288.0 1637.0
-1012.5 2721.8 -912.3 2720.1
-1280.0 2627.5 -1184.0 2627.9
-144.9 2779.8 -128.0 2784.0
-2453.6 2134.4 -2412.2 1968.9
-2253.0 2048.0 -2230.8 1959.3
-1760.0 3173.3 -1664.0 3093.3
1052.0 373.0 1077.0 280.0
576.0 800.0 682.7 853.3
-1781.8 3264.0 -1779.4 3189.5
-900.4 2721.1 -810.7 2698.7
-2128.1 1967.9 -2090.8 1856.0
-2253.3 2049.3 -2233.2 1968.9
-2150.4 1945.6 -2128.0 1856.0
-1783.8 3326.0 -1781.8 3264.0
-1056.0 -448.0 -1024.0 -469.3
-256.0 2752.0 -179.1 2771.2
-1356.0 2187.0 -1344.1 2213.0
-1279.9 2139.0 -1268.0 2165.0
-2393.2 2304.0 -2253.3 2049.3
-2076.1 1811.9 -2064.0 1824.0
-1664.0 3093.3 -1427.2 2896.0
-1152.0 2585.6 -1109.8 2576.0
-384.0 1651.3 -371.7 1680.0
544.0 284.0 632.0 325.0
648.0 251.0 736.0 292.0
-2200.2 1565.8 -2189.0 1792.0
1103.0 3056.0 1107.1 3072.0
-965.3 2574.7 -768.0 2624.0
-626.8 2659.3 -512.0 2688.0
612.6 370.3 629.0 332.0
-1344.1 2213.0 -1329.8 2244.0
-1294.2 2108.0 -1279.9 2139.0
640.0 832.0 682.7 853.3
-405.1 1602.1 -384.0 1651.3
-1342.9 2197.1 -1308.0 2272.0
-1316.0 2080.0 -1281.1 2154.9
-124.6 2627.4 0.0 2689.7
-2150.4 1945.6 -2138.8 1957.2
-1293.0 2604.0 -1288.0 2593.0
-1136.0 -394.7 -1024.0 -469.3
-1315.6 2653.8 -1293.0 2604.0
-2432.0 2400.4 -2393.7 2304.9
-1184.0 2592.6 -1152.0 2592.7
-1344.0 -256.0 -1296.0 -288.0
-688.0 2931.8 -660.0 2944.0
-1115.0 2767.2 -1088.0 2762.7
-2432.0 2413.7 -2218.7 2048.0
-473.0 1624.7 -452.0 1614.8
-316.0 1650.2 -295.0 1640.3
-2496.0 2304.0 -2453.6 2134.4
-384.0 1617.3 -366.0 1665.3
-985.6 2574.1 -960.0 2595.0
-2115.4 1980.6 -2080.2 1920.3
-409.7 1548.8 -395.0 1588.0
-1024.0 2572.9 -965.3 2574.7
-1394.3 2203.4 -1360.0 2272.0
-1264.0 2080.0 -1229.7 2148.6
-179.1 2771.2 -144.9 2779.8
987.7 256.0 1077.0 280.0
-538.6 2500.4 -384.0 2374.0
-1024.0 2579.0 -960.0 2595.0
-2393.7 2304.9 -2253.3 2049.3
-1349.0 2184.0 -1330.3 2176.0
-1293.7 2176.0 -1275.0 2168.0
-1188.6 2644.8 -1187.0 2622.3
-1280.0 2592.1 -1152.0 2592.7
-2150.4 1945.6 -2128.0 1856.0
618.9 318.9 632.0 325.0
-1696.0 3120.0 -1664.0 3093.3
-900.0 2464.0 -896.0 2474.7
-127.1 2784.2 0.0 2816.0
-1184.0 2627.9 -1152.0 2628.1
-1184.0 1152.0 -1168.0 1024.0
-176.0 2772.0 -144.9 2779.8
-384.0 2720.0 -127.1 2784.2
-2240.0 1618.4 -2200.2 1565.8
-1792.0 3200.0 -1779.4 3189.5
-227.9 2560.0 -223.0 2582.4
-768.0 2688.0 -611.5 2560.0
1024.0 3006.1 1041.0 3072.0
-1152.0 2645.6 -1088.0 2643.5
-1340.0 2671.0 -1335.0 2736.0
-1088.0 2762.7 -1024.0 2752.0
-1340.0 2671.0 -1324.0 2664.0
-384.0 1651.3 -356.9 1714.5
-1024.0 2785.5 -688.0 2931.8
-1088.0 2571.1 -1051.4 2572.1
-1280.0 2649.6 -1088.0 2643.5
-1278.0 2637.0 -1244.0 2647.0
-1201.1 2623.0 -1188.6 2644.8
-1728.0 3146.7 -1664.0 3093.3
-1132.8 -396.8 -1056.0 -448.0
-1760.0 3173.3 -1504.0 2960.0
-2128.0 1856.0 -2112.0 1792.0
-1349.0 2184.0 -1342.9 2197.1
-1281.1 2154.9 -1275.0 2168.0
-366.0 1665.3 -288.0 1629.0
-448.9 2560.0 -448.0 2499.0
1049.3 2848.0 1107.1 3072.0
-576.0 2531.0 -538.6 2500.4
-1787.8 3453.9 -1664.0 3392.0
-2176.3 1536.0 -2116.0 1584.0
-1280.0 2592.1 -1184.0 2592.6
-810.7 2698.7 -792.5 2694.1
-1017.2 2750.3 -900.4 2721.1
-961.0 2594.8 -960.4 2675.4
-1280.0 2726.3 -1024.0 2722.0
-2090.8 1856.0 -2076.1 1811.9
-2192.0 1946.5 -2160.0 1936.0
-223.0 2582.4 -192.0 2723.4
-2122.9 1835.4 -2112.0 1792.0
-960.4 2675.4 -912.3 2720.1
648.0 251.0 658.7 256.0
-2184.1 1943.9 -2160.0 1936.0
-1330.2 2656.4 -1315.6 2653.8
-1217.0 2614.0 -1192.0 2617.0
-1132.8 -396.8 -1072.0 -336.0
-1128.5 2896.0 -1024.0 2784.0
-657.5 2688.0 -576.0 2612.0
-792.5 2694.1 -768.0 2688.0
-2176.3 1536.0 -2112.0 1587.2
-1051.4 2572.1 -1024.0 2579.0
-1320.0 -272.0 -1136.0 -394.7
-384.0 2498.0 -256.0 2496.0
-396.5 1584.0 -384.0 1617.3
-1217.0 2614.0 -1201.1 2623.0
-908.9 2723.2 -828.1 2703.0
-1109.8 2576.0 -1039.1 2560.0
-409.7 1548.8 -384.0 1617.3
-2116.0 1584.0 -2112.0 1536.0
-232.0 2944.0 -127.1 2784.2
-908.9 2723.2 -781.0 2691.2
-611.5 2560.0 -576.0 2531.0
-576.0 2612.0 -449.1 2580.3
-2184.1 1943.9 -2128.0 2000.0
-1051.4 2572.1 -1039.0 2572.5
-544.0 2504.8 -384.0 2374.0
-384.0 1728.0 -356.9 1714.5
-1484.8 2944.0 -1427.2 2896.0
-1744.0 3160.0 -1664.0 3093.3
-2192.0 1967.5 -2184.1 1943.9
-1041.5 2574.6 -1024.0 2579.0
-1024.0 2560.0 -965.3 2574.7
512.0 768.0 576.0 800.0
-1336.0 2593.0 -1334.9 2604.6
-449.1 2580.3 -448.9 2560.0
-1278.0 2637.0 -1244.0 2639.0
-2368.0 2304.0 -2219.1 2048.7
-1280.0 2744.0 -1243.4 2725.7
-611.5 2560.0 -544.0 2504.8
-256.0 2752.0 -186.7 2769.3
-1296.0 2797.3 -1088.0 2762.7
-1280.0 2622.4 -1184.0 2624.3
-1228.0 2626.0 -1204.3 2655.6
-1792.0 3584.0 -1787.6 3453.8
1041.1 2816.0 1049.3 2848.0
